5440.801  5.203  0.102  1.228  0.096
5441.763  5.398  0.106  1.413  0.111
5443.820  5.331  0.104  1.391  0.109
5445.779  5.286  0.104  1.596  0.125
5446.787  5.491  0.108  1.719  0.135
5447.767  5.688  0.111  1.748  0.137
5449.767  5.624  0.110  1.790  0.140
5450.758  5.788  0.113  1.871  0.147
5452.773  5.778  0.113  1.751  0.137
5454.698  5.734  0.112  1.671  0.131
5455.696  5.717  0.112  2.080  0.163
5456.744  5.943  0.116  2.295  0.180
5457.695  6.145  0.120  1.918  0.150
5469.746  6.009  0.118  2.476  0.194
5470.757  6.066  0.119  2.479  0.194
5471.791  6.376  0.125  2.304  0.181
5472.830  6.209  0.122  2.444  0.192
5473.718  6.130  0.120  2.296  0.180
5477.696  6.343  0.124  2.408  0.189
5478.690  6.136  0.120  2.505  0.196
5479.621  6.218  0.122  2.464  0.193
5480.683  6.251  0.123  2.393  0.188
5481.675  6.224  0.122  2.301  0.180
5482.668  6.330  0.124  2.343  0.184
5485.685  5.944  0.117  2.599  0.204
5496.622  6.268  0.123  2.271  0.178
5497.642  6.400  0.125  2.866  0.225
5498.651  6.382  0.125  3.093  0.242
5499.641  6.261  0.123  2.905  0.228
5500.655  6.801  0.133  3.198  0.251
5501.641  6.514  0.128  2.947  0.231
5502.662  6.580  0.129  3.091  0.242
5503.652  6.554  0.128  3.078  0.241
5504.661  6.786  0.133  2.947  0.231
5505.654  6.838  0.134  2.544  0.199
5506.658  6.833  0.134  2.543  0.199
5507.666  6.885  0.135  2.453  0.192
5508.656  6.688  0.131  2.150  0.169
5509.645  6.602  0.129  1.624  0.127
5510.667  6.762  0.133  2.292  0.180
5511.669  7.186  0.141  2.279  0.179
5512.656  6.867  0.135  2.670  0.209
5513.654  6.507  0.128  2.703  0.212
5514.653  6.784  0.133  2.792  0.219
5515.658  6.699  0.131  2.644  0.207
5516.658  6.604  0.129  2.609  0.205
5517.650  6.647  0.130  2.458  0.193
5518.646  6.398  0.125  2.354  0.185
5519.651  6.605  0.129  2.365  0.185
5520.656  6.234  0.122  2.095  0.164
5521.670  6.641  0.130  2.280  0.179
5523.644  6.394  0.125  2.099  0.165
5525.640  6.382  0.125  2.143  0.168
5526.643  6.442  0.126  2.153  0.169
5527.674  6.195  0.121  2.305  0.181
5528.651  6.263  0.123  2.440  0.191
5529.657  6.184  0.121  2.667  0.209
5530.648  6.317  0.124  2.941  0.231
5531.645  6.345  0.124  2.929  0.230
5532.658  6.457  0.127  2.587  0.203
5533.655  6.323  0.124  2.354  0.185
5536.658  6.377  0.125  2.073  0.163
5538.646  6.749  0.132  2.178  0.171
5539.644  6.612  0.130  1.983  0.155
5540.652  6.624  0.130  2.321  0.182
5541.637  6.448  0.126  1.902  0.149
5542.632  6.744  0.132  2.039  0.160
5543.637  6.625  0.130  2.152  0.169
5544.652  6.466  0.127  2.034  0.159
5545.615  6.317  0.124  1.776  0.139
5546.603  6.465  0.127  2.048  0.161
5548.629  6.308  0.124  1.873  0.147
5549.660  6.211  0.122  1.730  0.136