5431.450  6.010 	
5436.450  5.980 	
5438.460  6.040 	
5440.908  6.478 	
5441.869  6.196 	
5442.838  6.142 	
5444.840  6.244 	
5445.853  6.246 	
5447.924  6.249 	
5449.974  6.213 	
5450.470  5.980 	
5451.769  6.065 	
5452.470  5.770 	
5453.838  6.025 	
5454.450  5.840 	
5454.786  5.935 	
5455.440  5.840 	
5456.460  5.880 	
5456.893  5.899 	
5457.770  5.952 	
5458.844  5.994 	
5459.440  5.790 	
5463.360  5.860 	
5466.850  6.106 	
5467.895  5.999 	
5468.846  5.958 	
5469.827  6.102 	
5470.913  6.286 	
5472.906  6.272 	
5473.848  6.234 	
5476.795  6.445 	
5477.770  6.388 	
5478.905  6.450 	
5479.759  6.414 	
5480.828  6.487 	
5481.809  6.537 	
5482.786  6.555 	
5483.779  6.482 	
5486.777  6.640 	
5488.789  6.658 	
5497.755  6.922 	
5498.767  6.823 	
5499.751  6.774 	
5500.767  6.929 	
5501.757  7.226 	
5502.784  7.273 	
5503.766  7.440 	
5504.370  7.680 	
5504.795  7.625 	
5505.768  7.710 	
5506.763  7.740 	
5507.779  7.895 	
5508.766  7.944 	
5509.404  8.229 	
5510.734  8.038 	
5511.270  7.980 	
5513.300  8.750 	
5513.718  8.735 	
5514.280  8.790 	
5514.716  8.825 	
5515.360  8.970 	
5515.364  8.951 	
5515.722  9.043 	
5516.250  8.730 	
5516.721  8.931 	
5517.310  8.940 	
5517.384  8.944 	
5517.714  8.931 	
5518.280  8.700 	
5518.412  8.638 	
5518.711  8.644 	
5519.715  8.747 	
5520.727  8.790 	
5521.170  8.560 	
5521.734  8.715 	
5523.230  8.280 	
5523.290  8.360 	
5524.390  8.530 	
5525.280  8.130 	
5525.320  8.170 	
5525.703  8.168 	
5526.290  8.010 	
5526.707  8.161 	
5527.240  7.960 	
5527.742  8.020 	
5528.250  7.970 	
5528.713  8.081 	
5529.340  8.230 	
5529.727  7.936 	
5530.713  8.072 	
5531.708  7.691 	
5532.240  7.570 	
5532.720  7.621 	
5533.779  7.750 	
5534.270  7.400 	
5535.260  7.570 	
5535.330  7.650 	
5536.782  7.564 	
5537.343  7.747 	
5537.360  7.620 	
5537.760  7.560 	
5538.180  7.440 	
5538.270  7.660 	
5538.767  7.614 	
5539.280  7.780 	
5539.284  7.624 	
5539.762  7.724 	
5540.763  7.763 	
5541.220  7.420 	
5541.764  7.721 	
5542.755  8.013 	
5543.759  8.013 	
5544.724  7.982 	
5545.310  8.230 	
5545.732  8.190 	
5546.734  8.413 	
5549.240  8.230 	
5549.606  8.113 	
5550.671  8.375 	
5553.260  8.250 	
5554.280  8.390 	
5555.713  8.464 	
5556.230  8.340 	
5556.720  8.279 	
5557.716  8.334 	
5559.711  8.526 	
5568.240  8.420 	
5568.247  8.614 	
5569.240  8.430 	