5440.908  5.323 	
5441.869  5.496 	
5442.838  5.296 	
5444.840  5.287 	
5445.853  5.217 	
5447.924  5.264 	
5449.974  5.565 	
5451.769  5.470 	
5453.838  5.458 	
5454.786  5.441 	
5456.893  5.362 	
5457.770  5.509 	
5458.844  5.324 	
5466.850  5.122 	
5467.895  5.200 	
5468.846  4.976 	
5469.827  5.062 	
5470.913  5.087 	
5472.906  5.042 	
5473.848  4.979 	
5476.795  5.218 	
5477.770  5.081 	
5478.905  5.037 	
5479.759  5.063 	
5480.828  5.069 	
5481.809  5.075 	
5482.786  5.235 	
5483.779  5.097 	
5486.777  5.261 	
5488.789  5.243 	
5497.755  5.278 	
5498.767  5.307 	
5499.751  5.323 	
5500.767  5.386 	
5501.757  5.258 	
5502.784  5.257 	
5503.766  5.324 	
5504.795  5.300 	
5505.768  5.353 	
5506.763  5.403 	
5507.779  5.385 	
5508.766  5.397 	
5509.404  5.667 	
5510.734  5.662 	
5513.718  5.485 	
5514.716  5.678 	
5515.364  5.845 	
5515.722  5.776 	
5516.721  5.907 	
5517.384  5.749 	
5517.714  5.933 	
5518.412  5.668 	
5518.711  5.735 	
5519.715  6.090 	
5520.727  6.036 	
5521.734  6.244 	
5525.703  6.303 	
5526.707  6.515 	
5527.742  6.552 	
5528.713  6.528 	
5529.727  6.640 	
5530.713  6.691 	
5531.708  6.545 	
5532.720  6.610 	
5533.779  6.620 	
5536.782  6.387 	
5537.343  6.411 	
5537.760  6.377 	
5538.767  6.205 	
5539.284  6.565 	
5539.762  6.389 	
5540.763  6.286 	
5541.764  6.195 	
5542.755  6.372 	
5543.759  6.136 	
5544.724  6.266 	
5545.732  6.177 	
5546.734  6.292 	
5549.606  6.203 	
5550.671  6.252 	